0.703 7.68 0.003184086735 0.025311035801
0.753 35.27 0.003328424302 0.033275582765
0.779 77.52 0.003403479837 0.045472107201
0.79 111.8 0.003435234102 0.055367890815
0.793 125.91 0.003443894356 0.059441096964
0.797 148.2 0.003455441361 0.065875665715
0.8 168.0 0.003464101615 0.07159143338
0.803 175.2 0.003472761869 0.073669894349
0.804 196.0 0.003475648621 0.079674337148
0.808 227.2 0.003487195626 0.088681001348
0.809 239.0 0.003490082377 0.092087367936
0.81 251.9 0.003492969129 0.095811277172
0.811 277.1 0.00349585588 0.103085890564
0.814 302.3 0.003504516134 0.110360503956
0.816 331.5 0.003510289637 0.118789817886
0.817 354.1 0.003513176388 0.125313875928
0.819 382.3 0.003518949891 0.133454514723
0.82 404.3 0.003521836642 0.139805367684
0.82 436.0 0.003521836642 0.148956369451
